10oC	
Cycles	Capacity Mean	Capacity Errorbar	Capacity High Voltage Plateau Mean	Capacity High Voltage Plateau Errorbar	Capacity Low Voltage Plateau Mean	Capacity Low Voltage Plateau Errorbar	Coulombic efficiency Mean	Coulombic efficiency Errorbar
0	1	0	0.718124308820632	-0.00175437026698488	0.281875691179368	0.00175437026698494	1	0
20	0.849592596554411	0.0503601370205062	0.694021488707007	-0.00133941587787534	0.305978511292993	0.00133941587787528	1.07721694234731	0.0428869312731157
40	0.826096850301049	0.0159702680225682	0.688731881290368	-0.00224458570229746	0.311268118709632	0.00224458570229741	0.958479277072856	0.0185819650825212
60	0.802708208217270	0.00564219354734330	0.681866618264031	0.000353784807734625	0.318133381735969	-0.000353784807734625	0.946849480134081	0.0127912902619374
80	0.789562952309487	0.000605631273307705	0.684421145376302	-0.000460386084548681	0.315578854623698	0.000460386084548681	0.944322737062404	0.0135868063264730
100	0.781455596703764	0.00502578734501191	0.680027162108708	-0.00165865561520173	0.319972837891292	0.00165865561520173	0.947997357016094	0.00991218637278335
120	0.741159830972927	0.00812059984010860	0.666030346065445	-0.00162764649961078	0.333969653934555	0.00162764649961078	0.925222312366694	0.0142723015465248
140	0.713642624915095	7.71609163554565e-05	0.654403040563581	-0.00445824038694154	0.345596959436419	0.00445824038694154	0.979220123452974	0.0268391710720212
160	0.412695531718318	0.0130174035266800	0.633767279634260	-0.00677786516982870	0.366232720365740	0.00677786516982876	0.882980419143688	0.0407373908541481

20oC	
Cycles	Capacity Mean	Capacity Errorbar	Capacity High Voltage Plateau Mean	Capacity High Voltage Plateau Errorbar	Capacity Low Voltage Plateau Mean	Capacity Low Voltage Plateau Errorbar	Coulombic efficiency Mean	Coulombic efficiency Errorbar
0	1	0	0.719170976764469	-0.0107072251441201	0.280829023235532	0.0107072251441201	1	0
20	0.915740181649360	0.0238021481368720	0.714294121417293	-0.0131031388566800	0.285705878582707	0.0131031388566801	1.03215201709549	0.0441805593992639
40	0.880308898172458	0.000753384470602692	0.744552959223430	-0.0454823739433496	0.255447040776570	0.0454823739433496	0.983434278207777	0.0262497177147508
60	0.851891017965985	0.0131935788259284	0.708816856808494	-0.0118551559641031	0.291183143191506	0.0118551559641030	1.00601468445386	0.0118250820073780
80	0.832653437635586	0.0102696247996711	0.702220844346286	-0.0131927034882204	0.297779155653714	0.0131927034882204	0.981278561233002	0.00679483326241070
100	0.810890480877681	0.0131984163819485	0.701872233039197	-0.0135126753522249	0.298127766960803	0.0135126753522248	0.974436264371750	0.00752092217259293
120	0.781484633686156	0.0303306659340217	0.699416609109723	-0.0139079597557940	0.300583390890277	0.0139079597557940	0.965751566497147	0.0681980496775749
140	0.768049744724020	0.00804342161304894	0.701610657803245	-0.00987257643208261	0.298389342196755	0.00987257643208256	0.957012345825964	0.00945044724233357
160	0.748668055936935	0.0145864878054139	0.698579595872199	-0.0104066266242020	0.301420404127801	0.0104066266242021	0.959894482352502	0.00779155230601014
180	0.710463208418993	0.0344594145524105	0.691649879317986	-0.0196981464710660	0.308350120682014	0.0196981464710660	0.958247953411279	0.0102535756407089
200	0.625097449040449	0.0768204967799363	0.656813440090851	-0.0419477959898249	0.343186559909149	0.0419477959898249	0.974184596532959	0.00359318124481922
220	0.661330319866905	0	0.691048034934498	0	0.308951965065502	0	1.04335603849065	0
240	0.549989013403648	0	0.644654985446036	0	0.355345014553964	0	0.958914477240783	0

30oC	
Cycles	Capacity Mean	Capacity Errorbar	Capacity High Voltage Plateau Mean	Capacity High Voltage Plateau Errorbar	Capacity Low Voltage Plateau Mean	Capacity Low Voltage Plateau Errorbar	Coulombic efficiency Mean	Coulombic efficiency Errorbar
0	1	0	0.713551856438165	-0.00542027666871059	0.286448143561835	0.00542027666871064	1	0
20	0.913930675655370	0.0125656382269242	0.703064660614530	-0.000916914567798854	0.296935339385470	0.000916914567798854	0.947196626350294	0.00459057231969806
40	0.871901891881128	0.00654993868241094	0.702993282937289	-0.00102678103479592	0.297006717062711	0.00102678103479603	0.931867111947808	0.000757386262022042
60	0.839120192834211	0.00503200009344174	0.704079545112299	-0.00164088175145860	0.295920454887701	0.00164088175145866	0.869865542645863	0.00212115727101181
80	0.807630384658467	0.00612695633865856	0.701331833657047	-0.00129344594111636	0.298668166342953	0.00129344594111624	0.792135031215134	0.00888482340133534
100	0.782689923687248	0.0123244459241478	0.721163309800956	0.00516281986505596	0.278836690199044	-0.00516281986505585	0.711614669701645	0.00130710527936784
120	0.768543930233875	0.0196604931073726	0.741649835598722	-0.00421324713962279	0.258350164401278	0.00421324713962279	0.698567860348045	0.00560919700856366
140	0.761984730304673	0.0174417347709240	0.751079205475920	-0.00525739472685149	0.248920794524080	0.00525739472685152	0.692664190938516	0.00371984896173361
160	0.756116199694285	0.0149071665433760	0.741948337765187	0.00109286802064001	0.258051662234813	-0.00109286802064001	0.687404610151955	0.00149813299018919
180	0.750025804942257	0.00850224703825009	0.738628908186691	0.00487424242489887	0.261371091813310	-0.00487424242489881	0.681956380341324	0.00427558233633663
200	0.748759797615053	0.00748785951352404	0.743002903021455	-0.00265840304210851	0.256997096978545	0.00265840304210846	0.680754568589196	0.00515190857257064
220	0.755199218359417	0.00110700294019928	0.745184931754439	-0.00791329664113649	0.254815068245561	0.00791329664113652	0.686817345086165	0.0130850092590663
240	0.749088385197062	0.00611699946671096	0.755998271261281	-0.0178970267271407	0.244001728738719	0.0178970267271407	0.681287338054271	0.0175300645713119
260	0.738361789275553	0.00957648387201726	0.728503134899063	0.00427888907454088	0.271496865100937	-0.00427888907454094	0.670484374350371	0.00392161458312190
280	0.731559644225382	0.00507036951946305	0.721127697870501	0.00513497122750173	0.278872302129499	-0.00513497122750162	0.664359938008943	0.00787614748525245
300	0.721467840647698	0.000105319417277316	0.714829458961551	0.00329686685341923	0.285170541038449	-0.00329686685341934	0.678213437825999	0.00791002967969745
320	0.703844363979347	0.00226370672581733	0.712706936103611	0.00491183588089406	0.287293063896389	-0.00491183588089400	0.733689096938678	0.00384207513114809
340	0.680252339951370	0.0100036831976522	0.711901175153515	0.00308367686233235	0.288098824846485	-0.00308367686233230	0.778533993485420	0.0138600214771739
360	0.644795302904708	0.0220600786138173	0.695122178870784	0.0151863237627752	0.304877821129216	-0.0151863237627752	0.825580240612169	0.0153382963786873
380	0.501501625786034	0.100058416989333	0.628063131876789	-0.0378366903547285	0.371936868123211	0.0378366903547284	0.876787351988190	0.0207604451855425
400	0.401019060200038	0	0.560906737783356	0	0.439093262216644	0	0.882608223934035	0

40oC	
Cycles	Capacity Mean	Capacity Errorbar	Capacity High Voltage Plateau Mean	Capacity High Voltage Plateau Errorbar	Capacity Low Voltage Plateau Mean	Capacity Low Voltage Plateau Errorbar	Coulombic efficiency Mean	Coulombic efficiency Errorbar
0	1	0	0.723957575580867	0.00470735818256074	0.276042424419133	-0.00470735818256074	1	0
20	0.898754990211727	0.00520326931353987	0.688904331312802	0.00151344521881214	0.311095668687198	-0.00151344521881214	0.900771607724835	0.0248737625532471
40	0.868091307109949	0.0333225870573352	0.705846723521432	-0.00106338080899526	0.294153276478568	0.00106338080899532	0.788968147929073	0.0739841096210120
60	0.822328173062875	0.0365400674601691	0.732547341682745	0.0169544518604995	0.267452658317255	-0.0169544518604994	0.732136478551347	0.0598499661810359
80	0.771799185774319	0.0305132880573665	0.761491621622066	0.0113009428054792	0.238508378377934	-0.0113009428054792	0.650140007846413	0.0157625138320477
100	0.761058711354523	0.0288862144079817	0.753231598667003	0.00462801893854048	0.246768401332997	-0.00462801893854042	0.641116284537165	0.0145201153432301

50oC	
Cycles	Capacity Mean	Capacity Errorbar	Capacity High Voltage Plateau Mean	Capacity High Voltage Plateau Errorbar	Capacity Low Voltage Plateau Mean	Capacity Low Voltage Plateau Errorbar	Coulombic efficiency Mean	Coulombic efficiency Errorbar
0	1	0	0.723066402107129	-0.00365876375950558	0.276933597892872	0.00365876375950563	1	0
20	0.922267707073372	0.0416305346026473	0.714800806633363	-0.000427302525723206	0.285199193366637	0.000427302525723261	0.844340012921573	0.0716309292881200
40	0.798833715804287	0.0520516813774062	0.720424441659655	-0.0294527283370696	0.279575558340345	0.0294527283370696	0.742517748723690	0.0872556438817531
60	0.744070187502560	0.0461156212017678	0.736455197505164	-0.0379347792767167	0.263544802494836	0.0379347792767169	0.699382631725573	0.0872377737823959
80	0.705885001741648	0.0354169062269266	0.752278647721265	-0.0284583095935838	0.247721352278735	0.0284583095935838	0.640475809753588	0.0521404756199346
100	0.699465961583512	0.0451717737949647	0.732456507073910	-0.0215621845148749	0.267543492926090	0.0215621845148749	0.644661702911675	0.0708321710989502
120	0.667518271577715	0.0663014066864075	0.737510390811707	-0.0237284212306039	0.262489609188293	0.0237284212306040	0.606594057985332	0.0790830535835716
140	0.642535652790990	0.0640050630089856	0.721158376062963	-0.0156030656451015	0.278841623937037	0.0156030656451015	0.646140094333299	0.138637093132819
160	0.631863851111430	0.0713722132357457	0.812254505836411	-0.0981207941854089	0.187745494163589	0.0981207941854089	0.758644914107896	0.0328545979814456
180	0.594719951087061	0.0867552952029999	0.728868155019966	-0.0187391404715167	0.271131844980034	0.0187391404715168	0.814118084618646	0.000692714470587053
200	0.567109227807640	0.109409041303222	0.830015134190220	-0.117079054186533	0.169984865809780	0.117079054186533	0.905530796293363	0.0276796558371804
220	0.395623059571427	0.124641312544797	0.704062215390386	-0.0467840946976308	0.295937784609614	0.0467840946976307	0.938929236445744	0.0210620895870003

0.1C/0.2C
Cycles	Capacity Mean	Capacity Errorbar	Capacity High Voltage Plateau Mean	Capacity High Voltage Plateau Errorbar	Capacity Low Voltage Plateau Mean	Capacity Low Voltage Plateau Errorbar	Coulombic efficiency Mean	Coulombic efficiency Errorbar
0	1	0	0.713551856438165	-0.00542027666871059	0.286448143561835	0.00542027666871064	1	0
20	0.913930675655370	0.0125656382269242	0.703064660614530	-0.000916914567798854	0.296935339385470	0.000916914567798854	0.947196626350294	0.00459057231969806
40	0.871901891881128	0.00654993868241094	0.702993282937289	-0.00102678103479592	0.297006717062711	0.00102678103479603	0.931867111947808	0.000757386262022042
60	0.839120192834211	0.00503200009344174	0.704079545112299	-0.00164088175145860	0.295920454887701	0.00164088175145866	0.869865542645863	0.00212115727101181
80	0.807630384658467	0.00612695633865856	0.701331833657047	-0.00129344594111636	0.298668166342953	0.00129344594111624	0.792135031215134	0.00888482340133534
100	0.782689923687248	0.0123244459241478	0.721163309800956	0.00516281986505596	0.278836690199044	-0.00516281986505585	0.711614669701645	0.00130710527936784
120	0.768543930233875	0.0196604931073726	0.741649835598722	-0.00421324713962279	0.258350164401278	0.00421324713962279	0.698567860348045	0.00560919700856366
140	0.761984730304673	0.0174417347709240	0.751079205475920	-0.00525739472685149	0.248920794524080	0.00525739472685152	0.692664190938516	0.00371984896173361
160	0.756116199694285	0.0149071665433760	0.741948337765187	0.00109286802064001	0.258051662234813	-0.00109286802064001	0.687404610151955	0.00149813299018919
180	0.750025804942257	0.00850224703825009	0.738628908186691	0.00487424242489887	0.261371091813310	-0.00487424242489881	0.681956380341324	0.00427558233633663
200	0.748759797615053	0.00748785951352404	0.743002903021455	-0.00265840304210851	0.256997096978545	0.00265840304210846	0.680754568589196	0.00515190857257064
220	0.755199218359417	0.00110700294019928	0.745184931754439	-0.00791329664113649	0.254815068245561	0.00791329664113652	0.686817345086165	0.0130850092590663
240	0.749088385197062	0.00611699946671096	0.755998271261281	-0.0178970267271407	0.244001728738719	0.0178970267271407	0.681287338054271	0.0175300645713119
260	0.738361789275553	0.00957648387201726	0.728503134899063	0.00427888907454088	0.271496865100937	-0.00427888907454094	0.670484374350371	0.00392161458312190
280	0.731559644225382	0.00507036951946305	0.721127697870501	0.00513497122750173	0.278872302129499	-0.00513497122750162	0.664359938008943	0.00787614748525245
300	0.721467840647698	0.000105319417277316	0.714829458961551	0.00329686685341923	0.285170541038449	-0.00329686685341934	0.678213437825999	0.00791002967969745
320	0.703844363979347	0.00226370672581733	0.712706936103611	0.00491183588089406	0.287293063896389	-0.00491183588089400	0.733689096938678	0.00384207513114809
340	0.680252339951370	0.0100036831976522	0.711901175153515	0.00308367686233235	0.288098824846485	-0.00308367686233230	0.778533993485420	0.0138600214771739
360	0.644795302904708	0.0220600786138173	0.695122178870784	0.0151863237627752	0.304877821129216	-0.0151863237627752	0.825580240612169	0.0153382963786873
380	0.501501625786034	0.100058416989333	0.628063131876789	-0.0378366903547285	0.371936868123211	0.0378366903547284	0.876787351988190	0.0207604451855425
400	0.401019060200038	0	0.560906737783356	0	0.439093262216644	0	0.882608223934035	0

0.1C/0.5C
Cycles	Capacity Mean	Capacity Errorbar	Capacity High Voltage Plateau Mean	Capacity High Voltage Plateau Errorbar	Capacity Low Voltage Plateau Mean	Capacity Low Voltage Plateau Errorbar	Coulombic efficiency Mean	Coulombic efficiency Errorbar
0	1	0	0.697694218907190	-0.00231847628133397	0.302305781092811	0.00231847628133397	1	0
20	0.912954853732586	0.0128025114703039	0.688254260208814	-0.00244776017128523	0.311745739791186	0.00244776017128517	0.960270979309334	0.0393206073763924
40	0.881528828398523	0.00629079361370621	0.695305004900208	-0.00299430249363442	0.304694995099792	0.00299430249363430	0.915074947153281	0.0504141277905626
60	0.848685113402471	0.00957310673209844	0.696922791090897	-0.00371697814840588	0.303077208909103	0.00371697814840583	0.850272151224745	0.0915289514912039
80	0.798261316659708	0.00962874300767869	0.705643547350122	0.0102595363503185	0.294356452649878	-0.0102595363503185	0.816875027588984	0.140956297712221
100	0.782975752189920	0	0.694839677327820	0	0.305160322672180	0	0.952113538901368	0
120	0.740129490922940	0	0.691753505724945	0	0.308246494275055	0	0.949663059015724	0
140	0.677986543100165	0	0.679383952813407	0	0.320616047186593	0	0.954155605472739	0
160	0.635997207058525	0	0.669544388442537	0	0.330455611557463	0	0.964774351643864	0

0.1C/1C
Cycles	Capacity Mean	Capacity Errorbar	Capacity High Voltage Plateau Mean	Capacity High Voltage Plateau Errorbar	Capacity Low Voltage Plateau Mean	Capacity Low Voltage Plateau Errorbar	Coulombic efficiency Mean	Coulombic efficiency Errorbar
0	1	0	0.767429042140024	-0.0484569442195183	0.232570957859976	0.0484569442195182	1	0
20	0.894520291948768	0.00790539329122664	0.691122563593461	-0.00182955932550799	0.308877436406539	0.00182955932550788	0.971852436018828	0.00718064286157882
40	0.859947898990954	0.00988867287881878	0.695834252422262	-0.00236827735065071	0.304165747577738	0.00236827735065059	0.962598975892903	0.00829160934882689
60	0.825743669667827	0.0109568836715118	0.696604939135691	-0.00270678463098673	0.303395060864309	0.00270678463098678	0.946827607504447	0.0100171762105656
80	0.795330933216006	0.0119010832554903	0.694259854231396	-0.00312167699494048	0.305740145768604	0.00312167699494048	0.934998668609731	0.0127875909322540
100	0.782619501694819	0.0125484303602574	0.696382382011646	-0.00333845789610998	0.303617617988354	0.00333845789610998	0.942016124710008	0.0152357836869387
120	0.759832513544377	0.0137809210200289	0.695656730996853	-0.00504192990308905	0.304343269003147	0.00504192990308899	0.929641885793088	0.0171265620440627

0.2C/0.2C
Cycles	Capacity Mean	Capacity Errorbar	Capacity High Voltage Plateau Mean	Capacity High Voltage Plateau Errorbar	Capacity Low Voltage Plateau Mean	Capacity Low Voltage Plateau Errorbar	Coulombic efficiency Mean	Coulombic efficiency Errorbar
0	1	0	0.715971638660419	-0.00288024591863634	0.284028361339582	0.00288024591863628	1	0
20	0.826018341597202	0.0242571666680456	0.670908081676238	0.00220178796994441	0.329091918323762	-0.00220178796994436	0.856006847617478	0.0143335089465414
40	0.737974325564918	0.00349125173573406	0.665188244522589	-0.00374637213854567	0.334811755477411	0.00374637213854567	0.892335586459443	0.00538258808018866
60	0.461047574177868	0.222466264570628	0.463741294189428	0.179450106449964	0.536258705810572	-0.179450106449964	0.853431043051621	0.0462853264783625

0.3C/0.2C
Cycles	Capacity Mean	Capacity Errorbar	Capacity High Voltage Plateau Mean	Capacity High Voltage Plateau Errorbar	Capacity Low Voltage Plateau Mean	Capacity Low Voltage Plateau Errorbar	Coulombic efficiency Mean	Coulombic efficiency Errorbar
0	1	0	0.715617955920536	0.00532527896731516	0.284382044079464	-0.00532527896731522	1	0
20	0.694204970276614	0.0174966675580244	0.676442139947169	0.00200880510574475	0.323557860052831	-0.00200880510574469	0.807601128836147	0.0112276633558006
30	0.304265509820408	0.101871436834858	0.422938182503339	-0.105503572413453	0.577061817496661	0.105503572413453	0.700822741754044	0.0688585286592904