10oC	
Cycles	Resistance 10% DOD Mean	Resistance 10% Errorbar	Resistance 70% DOD Mean	Resistance 70% DOD Errorbar
0	42.2000000000000	0.799999999999997	49.7500000000000	0.250000000000000
20	30	2.90000000000000	54.7000000000000	1.30000000000000
40	31.2000000000000	2.70000000000000	62.1500000000000	1.95000000000000
60	30.3500000000000	2.25000000000000	68.1500000000000	1.25000000000000
80	31.4500000000000	2.05000000000000	79.4000000000000	3.40000000000001
100	33.1500000000000	1.85000000000000	103.750000000000	3.65000000000001
120	37.1500000000000	0.850000000000001	143.300000000000	12.2000000000000
140	44.1500000000000	0.0499999999999972	180.800000000000	10.3000000000000
160	99.2500000000000	0.450000000000003	252.500000000000	4.19999999999999

20oC	
Cycles	Resistance 10% DOD Mean	Resistance 10% Errorbar	Resistance 70% DOD Mean	Resistance 70% DOD Errorbar
0	36.7000000000000	0.499999999999993	47.2500000000000	3.15000000000000
20	41.9000000000000	0.800000000000004	43.3500000000000	3.15000000000000
40	39.8500000000000	1.55000000000000	43.1500000000000	2.25000000000001
60	38.3000000000000	0.500000000000007	48.3500000000000	4.84999999999999
80	35.6000000000000	0.600000000000001	51.9000000000000	5.90000000000000
100	35	0.299999999999997	54.3500000000000	6.15000000000000
120	35	0.299999999999997	58	7.90000000000000
140	35.6500000000000	0.850000000000001	63.8500000000000	9.05000000000000
160	37.8000000000000	1	75.5500000000000	12.7500000000000
180	41.7000000000000	1.40000000000000	94.8000000000000	13.9000000000000
200	48.8000000000000	3.70000000000000	114.050000000000	15.0500000000000
220	53.4000000000000	0	114	0
240	66.2000000000000	0	151.600000000000	0

30oC	
Cycles	Resistance 10% DOD Mean	Resistance 10% Errorbar	Resistance 70% DOD Mean	Resistance 70% DOD Errorbar
0	36.6000000000000	0.899999999999999	47.3500000000000	2.05000000000000
20	30.3500000000000	0.250000000000000	43.1000000000000	0.300000000000004
40	29.5000000000000	2	43.7000000000000	1.70000000000000
60	26.2500000000000	0.550000000000001	46.8500000000000	0.950000000000003
80	25.6500000000000	0.350000000000001	51.0500000000000	0.150000000000006
100	30.2000000000000	1	52.3500000000000	1.25000000000000
120	34.4000000000000	0.600000000000001	52.5000000000000	0.500000000000000
140	36.5000000000000	0.799999999999997	52.5000000000000	0.900000000000006
160	35.8500000000000	0.450000000000003	53.8000000000000	1.50000000000001
180	35.5000000000000	0.100000000000001	54.2500000000000	2.55000000000000
200	36	0.900000000000006	57.1000000000000	1.80000000000000
220	36.7500000000000	2.05000000000000	61.5500000000000	4.55000000000000
240	37	2.20000000000000	66.7500000000000	6.65000000000001
260	33.7000000000000	0.399999999999999	64.3000000000000	2.39999999999999
280	33.1500000000000	0.449999999999996	70.2000000000000	1.80000000000000
300	32.7000000000000	0.600000000000001	74.6500000000000	0.549999999999997
320	33.9000000000000	0.599999999999994	82.3000000000000	0.200000000000003
340	36.1500000000000	0.149999999999999	94.2000000000000	1.80000000000000
360	40.3000000000000	1.40000000000000	117.350000000000	8.05000000000000
380	53.9000000000000	9.20000000000000	151.050000000000	17.5500000000000
400	63.9000000000000	0	177.500000000000	0

40oC	
Cycles	Resistance 10% DOD Mean	Resistance 10% Errorbar	Resistance 70% DOD Mean	Resistance 70% DOD Errorbar
0	50.4500000000000	4.85000000000000	47.7500000000000	2.65000000000000
20	26.5500000000000	1.75000000000000	41.1500000000000	0.449999999999996
40	22.6500000000000	1.05000000000000	43.1500000000000	0.250000000000000
60	25.2000000000000	2.40000000000000	42.9500000000000	1.34999999999999
80	29.6500000000000	2.45000000000000	41.2500000000000	1.25000000000000
100	30.9000000000000	1.60000000000000	68.3500000000000	17.9500000000000

50oC	
Cycles	Resistance 10% DOD Mean	Resistance 10% Errorbar	Resistance 70% DOD Mean	Resistance 70% DOD Errorbar
0	39.6500000000000	3.55000000000000	45.9500000000000	2.95000000000000
20	26.9500000000000	1.75000000000000	50.6000000000000	3.80000000000000
40	28.1000000000000	1.80000000000000	58.5500000000000	2.65000000000000
60	28.6000000000000	4.00000000000000	48.0500000000000	6.95000000000000
80	30.2000000000000	2.90000000000000	48.2500000000000	4.05000000000000
100	29.6500000000000	2.15000000000000	52.5500000000000	2.45000000000000
120	31.7000000000000	2.40000000000000	53.4000000000000	5.09999999999999
140	32.1500000000000	0.549999999999997	68.9500000000000	0.250000000000000
160	35.1500000000000	1.35000000000000	72.5000000000000	0.400000000000006
180	39.1500000000000	0.0499999999999972	75.7500000000000	1.85000000000001
200	47.2500000000000	1.15000000000000	90.8000000000000	4.09999999999999
220	77.4000000000000	2.90000000000001	146.400000000000	9.30000000000001

0.1C/0.2C
Cycles	Resistance 10% DOD Mean	Resistance 10% Errorbar	Resistance 70% DOD Mean	Resistance 70% DOD Errorbar
0	36.6000000000000	0.899999999999999	47.3500000000000	2.05000000000000
20	30.3500000000000	0.250000000000000	43.1000000000000	0.300000000000004
40	29.5000000000000	2	43.7000000000000	1.70000000000000
60	26.2500000000000	0.550000000000001	46.8500000000000	0.950000000000003
80	25.6500000000000	0.350000000000001	51.0500000000000	0.150000000000006
100	30.2000000000000	1	52.3500000000000	1.25000000000000
120	34.4000000000000	0.600000000000001	52.5000000000000	0.500000000000000
140	36.5000000000000	0.799999999999997	52.5000000000000	0.900000000000006
160	35.8500000000000	0.450000000000003	53.8000000000000	1.50000000000001
180	35.5000000000000	0.100000000000001	54.2500000000000	2.55000000000000
200	36	0.900000000000006	57.1000000000000	1.80000000000000
220	36.7500000000000	2.05000000000000	61.5500000000000	4.55000000000000
240	37	2.20000000000000	66.7500000000000	6.65000000000001
260	33.7000000000000	0.399999999999999	64.3000000000000	2.39999999999999
280	33.1500000000000	0.449999999999996	70.2000000000000	1.80000000000000
300	32.7000000000000	0.600000000000001	74.6500000000000	0.549999999999997
320	33.9000000000000	0.599999999999994	82.3000000000000	0.200000000000003
340	36.1500000000000	0.149999999999999	94.2000000000000	1.80000000000000
360	40.3000000000000	1.40000000000000	117.350000000000	8.05000000000000
380	53.9000000000000	9.20000000000000	151.050000000000	17.5500000000000
400	63.9000000000000	0	177.500000000000	0

0.1C/0.5C
Cycles	Resistance 10% DOD Mean	Resistance 10% Errorbar	Resistance 70% DOD Mean	Resistance 70% DOD Errorbar
0	44.5000000000000	8.60000000000000	65.4000000000000	5.80000000000000
20	33.6000000000000	0.399999999999999	51.3500000000000	0.149999999999999
40	30.4000000000000	NaN	46.7000000000000	NaN
60	27.2000000000000	NaN	48.7000000000000	NaN
80	30	NaN	53.7000000000000	NaN
100	30.9000000000000	NaN	61.8000000000000	NaN

0.1C/1C
Cycles	Resistance 10% DOD Mean	Resistance 10% Errorbar	Resistance 70% DOD Mean	Resistance 70% DOD Errorbar
0	41.1500000000000	7.95000000000000	48.2000000000000	1.40000000000000
20	31.6000000000000	1.90000000000000	48.6000000000000	2.30000000000000
40	31.3500000000000	1.05000000000000	48.6500000000000	1.05000000000000
60	30.6500000000000	0.650000000000002	52.6000000000000	0.800000000000004
80	30.9500000000000	0.350000000000001	57.9000000000000	1.09999999999999
100	32.8500000000000	0.149999999999999	70.3000000000000	0.500000000000000
120	34.4000000000000	0.200000000000003	89.9000000000000	0.400000000000006

0.2C/0.2C
Cycles	Resistance 10% DOD Mean	Resistance 10% Errorbar	Resistance 70% DOD Mean	Resistance 70% DOD Errorbar
0	41.3500000000000	4.15000000000001	48.2000000000000	0.299999999999997
20	25.3000000000000	1.20000000000000	73.7000000000000	4.40000000000001
40	32.5500000000000	1.35000000000000	113.850000000000	15.2500000000000
60	126.050000000000	82.0500000000000	281.600000000000	118.500000000000

0.3C/0.2C
Cycles	Resistance 10% DOD Mean	Resistance 10% Errorbar	Resistance 70% DOD Mean	Resistance 70% DOD Errorbar
0	37.8000000000000	0.300000000000004	50.2500000000000	3.05000000000000
20	42.2000000000000	6.10000000000000	173.500000000000	12.3000000000000
30	236.800000000000	140.700000000000	412.150000000000	77.4500000000000