Voltage [V]	Capacity [-]	dQ/dV [V/Ah]
2.128400	0.000883	1.668150
2.151100	0.001767	3.177165
2.160400	0.002682	2.699758
2.166500	0.003565	2.264130
2.171100	0.004448	1.870281
2.175000	0.005363	1.518211
2.178000	0.006247	1.207920
2.180700	0.007130	0.939409
2.183100	0.008045	0.712676
2.185100	0.008928	0.478737
2.186900	0.009812	0.387312
2.188600	0.010695	0.359095
2.190200	0.011610	0.417979
2.191400	0.012493	0.399844
2.192600	0.013377	0.372844
2.193800	0.014292	0.343940
2.194600	0.015175	0.316589
2.195600	0.016058	0.288622
2.196500	0.016973	0.263416
2.197300	0.017857	0.238368
2.197900	0.018740	0.214121
2.198500	0.019623	0.194238
2.199100	0.020538	0.175975
2.199500	0.021422	0.158818
2.200100	0.022305	0.141222
2.200500	0.023220	0.122956
2.200700	0.024103	0.105761
2.201100	0.024987	0.088920
2.201300	0.025902	0.076765
2.201500	0.026785	0.064037
2.201700	0.027668	0.052461
2.201900	0.028552	0.040684
2.202100	0.029467	0.028745
2.202100	0.030350	0.018732
2.202100	0.031233	0.009289
2.202100	0.032148	0.001617
2.202100	0.033032	-0.007841
2.202100	0.033915	-0.017230
2.202100	0.034798	-0.024771
2.202100	0.035713	-0.030809
2.201900	0.036597	-0.037010
2.201900	0.037480	-0.040861
2.201700	0.038395	-0.044104
2.201500	0.039278	-0.045921
2.201500	0.040162	-0.048941
2.201300	0.041076	-0.051613
2.201100	0.041960	-0.053708
2.200900	0.042843	-0.056312
2.200900	0.043758	-0.057144
2.200700	0.044641	-0.058176
2.200500	0.045525	-0.058009
2.200300	0.046408	-0.058703
2.200300	0.047323	-0.058934
2.200100	0.048206	-0.058703
2.199900	0.049090	-0.058009
2.199700	0.050005	-0.058192
2.199500	0.050888	-0.057948
2.199300	0.051771	-0.057416
2.199100	0.052655	-0.054547
2.199100	0.053570	-0.052745
2.198900	0.054453	-0.052087
2.198700	0.055336	-0.049322
2.198700	0.056251	-0.045841
2.198500	0.057135	-0.041674
2.198300	0.058018	-0.040388
2.198300	0.058901	-0.038769
2.198100	0.059816	-0.035690
2.198100	0.060700	-0.033472
2.197900	0.061583	-0.030140
2.197900	0.062498	-0.028383
2.197700	0.063381	-0.026232
2.197700	0.064265	-0.023860
2.197700	0.065148	-0.021418
2.197500	0.066063	-0.019039
2.197500	0.066946	-0.016898
2.197500	0.067830	-0.015147
2.197500	0.068745	-0.011803
2.197500	0.069628	-0.010390
2.197300	0.070511	-0.007627
2.197300	0.071426	-0.007026
2.197300	0.072310	-0.005299
2.197300	0.073193	-0.003843
2.197300	0.074076	-0.002735
2.197300	0.074991	-0.002049
2.197300	0.075875	-0.003181
2.197300	0.076758	-0.002034
2.197300	0.077673	0.000000
2.197300	0.078556	0.002033
2.197300	0.079440	0.003181
2.197300	0.080323	0.003367
2.197300	0.081238	0.004636
2.197300	0.082121	0.004359
2.197300	0.083005	0.004584
2.197300	0.083920	0.005231
2.197300	0.084803	0.007540
2.197300	0.085686	0.009392
2.197500	0.086570	0.009461
2.197500	0.087485	0.009797
2.197500	0.088368	0.010332
2.197500	0.089251	0.012296
2.197500	0.090166	0.012250
2.197500	0.091050	0.012238
2.197500	0.091933	0.012196
2.197700	0.092848	0.013352
2.197700	0.093731	0.012261
2.197700	0.094615	0.013113
2.197700	0.095498	0.014577
2.197700	0.096413	0.017974
2.197900	0.097296	0.017806
2.197900	0.098180	0.017458
2.197900	0.099063	0.016834
2.197900	0.099978	0.017175
2.198100	0.100861	0.017181
2.198100	0.101745	0.017643
2.198100	0.102660	0.018561
2.198100	0.103543	0.017822
2.198300	0.104426	0.016665
2.198300	0.105341	0.017127
2.198300	0.106225	0.019208
2.198300	0.107108	0.019562
2.198500	0.107991	0.018167
2.198500	0.108906	0.018398
2.198500	0.109790	0.018931
2.198500	0.110673	0.019785
2.198700	0.111588	0.018814
2.198700	0.112471	0.019385
2.198700	0.113355	0.020201
2.198900	0.114238	0.021241
2.198900	0.115153	0.020379
2.198900	0.116036	0.021002
2.198900	0.116920	0.021773
2.199100	0.117834	0.022697
2.199100	0.118718	0.021642
2.199100	0.119601	0.021996
2.199300	0.120485	0.022420
2.199300	0.121400	0.022913
2.199300	0.122283	0.023499
2.199500	0.123166	0.024153
2.199500	0.124081	0.024885
2.199500	0.124965	0.023560
2.199700	0.125848	0.023568
2.199700	0.126763	0.023568
2.199700	0.127646	0.023560
2.199900	0.128530	0.023568
2.199900	0.129413	0.023568
2.199900	0.130328	0.022250
2.200100	0.131211	0.022974
2.200100	0.132095	0.023637
2.200100	0.133009	0.025532
2.200300	0.133893	0.025292
2.200300	0.134776	0.025070
2.200300	0.135660	0.023522
2.200500	0.136574	0.024014
2.200500	0.137458	0.024446
2.200500	0.138341	0.024793
2.200700	0.139256	0.025063
2.200700	0.140139	0.023929
2.200900	0.141023	0.024785
2.200900	0.141906	0.025479
2.200900	0.142821	0.026009
2.200900	0.143704	0.026394
2.201100	0.144588	0.025317
2.201100	0.145503	0.026126
2.201300	0.146386	0.026694
2.201300	0.147269	0.027050
2.201300	0.148184	0.027166
2.201500	0.149068	0.027859
2.201500	0.149951	0.029130
2.201700	0.150834	0.030171
2.201700	0.151749	0.028853
2.201700	0.152633	0.028535
2.201900	0.153516	0.027929
2.201900	0.154399	0.029130
2.202100	0.155314	0.027457
2.202100	0.156198	0.026303
2.202100	0.157081	0.026881
2.202300	0.157996	0.027073
2.202300	0.158879	0.028997
2.202500	0.159763	0.029315
2.202500	0.160678	0.029315
2.202500	0.161561	0.028997
2.202700	0.162444	0.027073
2.202700	0.163328	0.029007
2.202700	0.164243	0.029315
2.202900	0.165126	0.029305
2.203100	0.166009	0.029007
2.203100	0.166924	0.026415
2.203100	0.167808	0.028046
2.203300	0.168691	0.027081
2.203300	0.169574	0.028795
2.203300	0.170489	0.030009
2.203500	0.171373	0.030721
2.203500	0.172256	0.030933
2.203700	0.173171	0.029327
2.203700	0.174054	0.031385
2.203700	0.174938	0.032455
2.203900	0.175821	0.033822
2.203900	0.176736	0.034677
2.204200	0.177619	0.035055
2.204200	0.178503	0.034920
2.204400	0.179418	0.032967
2.204400	0.180301	0.032551
2.204400	0.181184	0.032389
2.204600	0.182099	0.032447
2.204600	0.182983	0.031916
2.204800	0.183866	0.030829
2.204800	0.184749	0.029154
2.205000	0.185664	0.028762
2.205000	0.186548	0.029055
2.205000	0.187431	0.031388
2.205200	0.188346	0.031349
2.205200	0.189229	0.030915
2.205400	0.190113	0.028799
2.205400	0.190996	0.028337
2.205600	0.191911	0.028211
2.205600	0.192794	0.028452
2.205600	0.193678	0.029030
2.205800	0.194561	0.029944
2.205800	0.195476	0.030406
2.206000	0.196359	0.030417
2.206000	0.197243	0.029955
2.206000	0.198158	0.029829
2.206200	0.199041	0.030060
2.206200	0.199924	0.030648
2.206400	0.200839	0.031562
2.206400	0.201723	0.032024
2.206600	0.202606	0.032035
2.206600	0.203489	0.031573
2.206800	0.204404	0.031446
2.206800	0.205288	0.031688
2.206800	0.206171	0.030140
2.207000	0.207086	0.030168
2.207000	0.207969	0.028350
2.207200	0.208853	0.030178
2.207200	0.209736	0.030129
2.207400	0.210651	0.031677
2.207400	0.211534	0.031457
2.207400	0.212418	0.031573
2.207600	0.213332	0.032024
2.207600	0.214216	0.030707
2.207800	0.215099	0.030987
2.207800	0.215983	0.029390
2.208000	0.216897	0.031438
2.208000	0.217781	0.030325
2.208200	0.218664	0.032836
2.208200	0.219579	0.033479
2.208200	0.220463	0.033595
2.208400	0.221346	0.033183
2.208400	0.222261	0.030892
2.208600	0.223144	0.032247
2.208600	0.224028	0.030440
2.208800	0.224911	0.032258
2.208800	0.225826	0.030892
2.209000	0.226709	0.033183
2.209000	0.227593	0.033607
2.209200	0.228507	0.033479
2.209200	0.229391	0.032825
2.209200	0.230274	0.030325
2.209400	0.231189	0.031449
2.209400	0.232072	0.030707
2.209600	0.232956	0.031573
2.209600	0.233839	0.030648
2.209800	0.234754	0.030060
2.209800	0.235637	0.029829
2.210000	0.236521	0.029955
2.210000	0.237436	0.030417
2.210000	0.238319	0.029089
2.210200	0.239202	0.029359
2.210200	0.240117	0.027782
2.210400	0.241001	0.029821
2.210400	0.241884	0.028697
2.210400	0.242767	0.031218
2.210600	0.243682	0.031862
2.210600	0.244566	0.034103
2.210800	0.245449	0.034577
2.210800	0.246364	0.032601
2.211000	0.247247	0.032567
2.211000	0.248131	0.032332
2.211200	0.249014	0.034643
2.211200	0.249929	0.035047
2.211400	0.250812	0.033545
2.211400	0.251696	0.033537
2.211600	0.252611	0.031546
2.211600	0.253494	0.033064
2.211600	0.254377	0.031304
2.211800	0.255292	0.033075
2.211800	0.256176	0.031535
2.212100	0.257059	0.033526
2.212100	0.257942	0.032239
2.212100	0.258857	0.034462
2.212300	0.259741	0.034700
2.212300	0.260624	0.036421
2.212500	0.261539	0.036261
2.212500	0.262422	0.034180
2.212700	0.263306	0.033583
2.212700	0.264189	0.031026
2.212900	0.265104	0.033040
2.212900	0.265987	0.032197
2.213100	0.266871	0.033252
2.213100	0.267786	0.033021
2.213300	0.268669	0.032162
2.213300	0.269552	0.032825
2.213300	0.270436	0.030325
2.213500	0.271351	0.031438
2.213500	0.272234	0.029390
2.213700	0.273117	0.030987
2.213700	0.274032	0.029400
2.213900	0.274916	0.031438
2.213900	0.275799	0.031642
2.214100	0.276682	0.033422
2.214100	0.277597	0.033410
2.214100	0.278481	0.031631
2.214300	0.279364	0.031449
2.214300	0.280279	0.029400
2.214500	0.281162	0.030976
2.214500	0.282046	0.029400
2.214700	0.282929	0.031449
2.214700	0.283844	0.030314
2.214900	0.284727	0.032836
2.214900	0.285611	0.032174
2.214900	0.286526	0.033010
2.215100	0.287409	0.031924
2.215100	0.288292	0.032282
2.215300	0.289207	0.034061
2.215300	0.290091	0.033895
2.215500	0.290974	0.035263
2.215500	0.291857	0.033445
2.215700	0.292772	0.035263
2.215700	0.293656	0.033895
2.215900	0.294539	0.034061
2.215900	0.295422	0.032282
2.216100	0.296337	0.031924
2.216100	0.297221	0.031704
2.216300	0.298104	0.031588
2.216300	0.299019	0.031577
2.216300	0.299902	0.031704
2.216500	0.300786	0.031935
2.216500	0.301700	0.032282
2.216700	0.302584	0.032732
2.216700	0.303467	0.033322
2.216900	0.304351	0.035333
2.216900	0.305265	0.035410
2.217100	0.306149	0.036997
2.217100	0.307032	0.035410
2.217300	0.307947	0.035333
2.217300	0.308830	0.033310
2.217500	0.309714	0.032744
2.217500	0.310597	0.032282
2.217700	0.311512	0.031924
2.217700	0.312395	0.031704
2.217900	0.313279	0.031588
2.217900	0.314194	0.031588
2.217900	0.315077	0.031693
2.218100	0.315961	0.031935
2.218100	0.316875	0.032282
2.218300	0.317759	0.032744
2.218300	0.318642	0.033322
2.218500	0.319526	0.035333
2.218500	0.320440	0.035410
2.218700	0.321324	0.036984
2.218700	0.322207	0.034751
2.218900	0.323122	0.034381
2.218900	0.324005	0.032393
2.219100	0.324889	0.032809
2.219100	0.325772	0.033214
2.219300	0.326687	0.033618
2.219300	0.327570	0.035328
2.219500	0.328454	0.035013
2.219500	0.329369	0.036080
2.219500	0.330252	0.033845
2.219700	0.331135	0.035155
2.219700	0.332050	0.033164
2.220000	0.332934	0.034693
2.220000	0.333817	0.032933
2.220200	0.334700	0.034693
2.220200	0.335615	0.033164
2.220400	0.336499	0.035143
2.220400	0.337382	0.033857
2.220400	0.338265	0.033953
2.220600	0.339180	0.032000
2.220600	0.340064	0.031354
2.220800	0.340947	0.033110
2.220800	0.341862	0.033248
2.221000	0.342745	0.035251
2.221000	0.343629	0.033445
2.221200	0.344544	0.035263
2.221200	0.345427	0.033907
2.221400	0.346310	0.034061
2.221400	0.347194	0.032282
2.221600	0.348109	0.031935
2.221600	0.348992	0.031693
2.221800	0.349875	0.031588
2.221800	0.350759	0.031588
2.221800	0.351674	0.031704
2.222000	0.352557	0.033252
2.222000	0.353440	0.032867
2.222200	0.354355	0.033992
2.222200	0.355239	0.033248
2.222400	0.356122	0.034115
2.222400	0.357037	0.033191
2.222600	0.357920	0.032613
2.222600	0.358804	0.031064
2.222800	0.359687	0.029785
2.222800	0.360602	0.028699
2.223000	0.361485	0.029046
2.223000	0.362369	0.029508
2.223000	0.363252	0.030086
2.223200	0.364167	0.030779
2.223200	0.365050	0.031588
2.223200	0.365934	0.032513
2.223400	0.366849	0.032235
2.223400	0.367732	0.034123
2.223600	0.368615	0.036049
2.223800	0.369530	0.039331
2.223800	0.370414	0.040588
2.224000	0.371297	0.039863
2.224000	0.372180	0.040479
2.224200	0.373095	0.039008
2.224200	0.373979	0.037497
2.224400	0.374862	0.035872
2.224400	0.375777	0.035371
2.224600	0.376660	0.035995
2.224800	0.377544	0.036504
2.224800	0.378427	0.035656
2.224800	0.379342	0.036897
2.225000	0.380225	0.034732
2.225000	0.381109	0.035972
2.225200	0.382024	0.033807
2.225200	0.382907	0.035035
2.225400	0.383790	0.032882
2.225600	0.384674	0.034123
2.225600	0.385589	0.034084
2.225600	0.386472	0.036211
2.225800	0.387355	0.035009
2.225800	0.388270	0.035163
2.226000	0.389154	0.033229
2.226000	0.390037	0.034701
2.226200	0.390920	0.032767
2.226200	0.391835	0.034238
2.226400	0.392719	0.034431
2.226400	0.393602	0.036789
2.226600	0.394517	0.035159
2.226600	0.395400	0.035239
2.226800	0.396284	0.033584
2.226800	0.397167	0.036269
2.227000	0.398082	0.035433
2.227000	0.398965	0.037887
2.227200	0.399849	0.036819
2.227200	0.400763	0.039042
2.227400	0.401647	0.037757
2.227400	0.402530	0.039736
2.227600	0.403414	0.038206
2.227600	0.404328	0.038649
2.227900	0.405212	0.037621
2.227900	0.406095	0.038487
2.228100	0.407010	0.039123
2.228100	0.407893	0.039528
2.228300	0.408777	0.039701
2.228300	0.409660	0.039643
2.228500	0.410575	0.039354
2.228500	0.411458	0.038834
2.228700	0.412342	0.038083
2.228700	0.413257	0.038164
2.228900	0.414140	0.038457
2.229100	0.415024	0.039000
2.229100	0.415938	0.038769
2.229300	0.416822	0.038422
2.229300	0.417705	0.036642
2.229500	0.418589	0.036796
2.229500	0.419503	0.036758
2.229700	0.420387	0.037844
2.229700	0.421270	0.035371
2.229900	0.422185	0.034832
2.229900	0.423068	0.034909
2.230100	0.423952	0.036920
2.230100	0.424835	0.037497
2.230300	0.425750	0.037960
2.230300	0.426633	0.038320
2.230500	0.427517	0.038538
2.230700	0.428432	0.038653
2.230700	0.429315	0.038653
2.230700	0.430198	0.038538
2.230900	0.431082	0.036989
2.231100	0.431997	0.037374
2.231100	0.432880	0.036262
2.231300	0.433763	0.038299
2.231300	0.434678	0.036712
2.231500	0.435562	0.038299
2.231500	0.436445	0.038376
2.231700	0.437328	0.039069
2.231700	0.438243	0.038252
2.231900	0.439127	0.037179
2.231900	0.440010	0.039177
2.232100	0.440925	0.039601
2.232300	0.441808	0.041881
2.232300	0.442692	0.040525
2.232500	0.443575	0.042344
2.232500	0.444490	0.040525
2.232700	0.445373	0.040578
2.232700	0.446257	0.039015
2.232900	0.447140	0.039246
2.233100	0.448055	0.037813
2.233100	0.448938	0.038083
2.233300	0.449822	0.038738
2.233300	0.450737	0.041095
2.233500	0.451620	0.041789
2.233500	0.452503	0.042136
2.233700	0.453387	0.042136
2.233700	0.454302	0.041789
2.233900	0.455185	0.041095
2.234100	0.456068	0.040864
2.234100	0.456983	0.041095
2.234300	0.457867	0.041130
2.234500	0.458750	0.041184
2.234500	0.459665	0.041219
2.234700	0.460548	0.040551
2.234700	0.461432	0.041442
2.234900	0.462315	0.040491
2.234900	0.463230	0.042367
2.235100	0.464113	0.042386
2.235100	0.464997	0.043992
2.235300	0.465912	0.043819
2.235500	0.466795	0.044008
2.235500	0.467678	0.044512
2.235800	0.468562	0.045379
2.235800	0.469477	0.044466
2.236000	0.470360	0.045140
2.236200	0.471243	0.043958
2.236200	0.472127	0.045603
2.236400	0.473042	0.043279
2.236400	0.473925	0.043753
2.236600	0.474808	0.042386
2.236600	0.475723	0.041288
2.236800	0.476607	0.040206
2.237000	0.477490	0.039759
2.237000	0.478373	0.041226
2.237200	0.479288	0.043599
2.237400	0.480172	0.044123
2.237400	0.481055	0.044971
2.237600	0.481970	0.044000
2.237600	0.482853	0.044578
2.237800	0.483737	0.043260
2.237800	0.484620	0.043414
2.238000	0.485535	0.043738
2.238200	0.486418	0.045502
2.238400	0.487302	0.045387
2.238400	0.488217	0.045502
2.238600	0.489100	0.045849
2.238600	0.489983	0.046427
2.238800	0.490867	0.045109
2.239000	0.491782	0.045264
2.239000	0.492665	0.043445
2.239200	0.493548	0.043022
2.239400	0.494463	0.042675
2.239400	0.495347	0.044532
2.239600	0.496230	0.045225
2.239600	0.497145	0.046072
2.239800	0.498028	0.044948
2.240000	0.498912	0.045217
2.240000	0.499795	0.045564
2.240200	0.500710	0.045988
2.240400	0.501593	0.046489
2.240400	0.502477	0.047066
2.240600	0.503391	0.047721
2.240800	0.504275	0.048470
2.240800	0.505158	0.047136
2.241000	0.506042	0.047136
2.241200	0.506956	0.047136
2.241200	0.507840	0.047136
2.241400	0.508723	0.047136
2.241600	0.509638	0.047136
2.241600	0.510522	0.045834
2.241800	0.511405	0.046550
2.242000	0.512288	0.047205
2.242000	0.513203	0.047124
2.242200	0.514087	0.047332
2.242400	0.514970	0.047791
2.242400	0.515885	0.049120
2.242600	0.516768	0.048939
2.242800	0.517652	0.049297
2.242800	0.518535	0.051435
2.243000	0.519450	0.053226
2.243200	0.520333	0.054671
2.243400	0.521217	0.055769
2.243400	0.522131	0.056520
2.243600	0.523015	0.056924
2.243900	0.523898	0.055664
2.243900	0.524782	0.056107
2.244100	0.525696	0.056127
2.244300	0.526580	0.055722
2.244500	0.527463	0.053577
2.244700	0.528378	0.053057
2.244700	0.529261	0.054162
2.244900	0.530145	0.053527
2.245100	0.531028	0.051150
2.245100	0.531943	0.051462
2.245300	0.532826	0.051716
2.245500	0.533710	0.051951
2.245700	0.534625	0.049825
2.245700	0.535508	0.050154
2.245900	0.536391	0.052991
2.246100	0.537275	0.054108
2.246300	0.538190	0.054840
2.246300	0.539073	0.053869
2.246500	0.539956	0.053245
2.246700	0.540871	0.054208
2.246900	0.541755	0.054632
2.246900	0.542638	0.056643
2.247100	0.543521	0.055557
2.247300	0.544436	0.054740
2.247500	0.545320	0.055433
2.247700	0.546203	0.057637
2.247700	0.547118	0.057984
2.247900	0.548001	0.056473
2.248100	0.548885	0.056473
2.248300	0.549768	0.057984
2.248500	0.550683	0.057637
2.248500	0.551566	0.055433
2.248700	0.552450	0.053423
2.248900	0.553365	0.053654
2.249100	0.554248	0.054809
2.249300	0.555131	0.056081
2.249300	0.556015	0.056658
2.249500	0.556930	0.056523
2.249700	0.557813	0.055884
2.249900	0.558696	0.056516
2.249900	0.559611	0.056273
2.250100	0.560495	0.057017
2.250300	0.561378	0.057606
2.250500	0.562261	0.061408
2.250700	0.563176	0.065056
2.250900	0.564060	0.066501
2.251100	0.564943	0.065742
2.251100	0.565858	0.064829
2.251300	0.566741	0.065811
2.251500	0.567625	0.065245
2.251800	0.568508	0.064370
2.252000	0.569423	0.063111
2.252200	0.570306	0.063515
2.252400	0.571190	0.064266
2.252600	0.572105	0.065364
2.252600	0.572988	0.066809
2.252800	0.573871	0.067791
2.253000	0.574755	0.067502
2.253200	0.575670	0.065942
2.253400	0.576553	0.064983
2.253600	0.577436	0.064814
2.253800	0.578351	0.065472
2.254000	0.579235	0.065934
2.254200	0.580118	0.066859
2.254400	0.581033	0.066119
2.254600	0.581916	0.064956
2.254800	0.582800	0.063292
2.255000	0.583683	0.063176
2.255000	0.584598	0.063292
2.255200	0.585481	0.063639
2.255400	0.586365	0.064216
2.255600	0.587280	0.065025
2.255800	0.588163	0.066065
2.256000	0.589046	0.067337
2.256200	0.589930	0.067522
2.256400	0.590845	0.068670
2.256600	0.591728	0.072021
2.256800	0.592611	0.073323
2.257000	0.593526	0.073157
2.257200	0.594410	0.071129
2.257400	0.595293	0.072691
2.257600	0.596176	0.074945
2.257800	0.597091	0.076852
2.258000	0.597975	0.078412
2.258200	0.598858	0.079625
2.258400	0.599773	0.079175
2.258800	0.600656	0.079081
2.259000	0.601540	0.079352
2.259000	0.602454	0.081143
2.259400	0.603338	0.082356
2.259700	0.604221	0.082992
2.259900	0.605105	0.083050
2.260100	0.606019	0.081212
2.260300	0.606903	0.079501
2.260500	0.607786	0.077923
2.260700	0.608670	0.079760
2.260900	0.609585	0.080357
2.261300	0.610468	0.079714
2.261500	0.611351	0.079071
2.261700	0.612266	0.080731
2.261900	0.613150	0.082728
2.262100	0.614033	0.083870
2.262300	0.614916	0.084286
2.262500	0.615831	0.085904
2.262900	0.616715	0.086598
2.263100	0.617598	0.085049
2.263300	0.618513	0.085434
2.263500	0.619396	0.086406
2.263900	0.620280	0.088054
2.264100	0.621163	0.088162
2.264300	0.622078	0.086024
2.264500	0.622961	0.085954
2.264900	0.623845	0.085712
2.265100	0.624759	0.087965
2.265300	0.625643	0.090334
2.265500	0.626526	0.092819
2.265700	0.627410	0.093293
2.266100	0.628324	0.095123
2.266300	0.629208	0.095674
2.266500	0.630091	0.098312
2.266900	0.631006	0.097469
2.267100	0.631889	0.099876
2.267600	0.632773	0.100774
2.267800	0.633656	0.103528
2.268000	0.634571	0.102569
2.268400	0.635454	0.102504
2.268600	0.636338	0.101937
2.268800	0.637253	0.101602
2.269200	0.638136	0.101421
2.269400	0.639019	0.101317
2.269800	0.639934	0.101213
2.270000	0.640818	0.104222
2.270400	0.641701	0.106279
2.270600	0.642584	0.109981
2.271000	0.643499	0.110859
2.271200	0.644383	0.112939
2.271600	0.645266	0.114095
2.271800	0.646181	0.113667
2.272200	0.647064	0.111403
2.272600	0.647948	0.110004
2.272800	0.648831	0.107496
2.273200	0.649746	0.109434
2.273600	0.650629	0.110169
2.273800	0.651513	0.114311
2.274200	0.652428	0.114969
2.274400	0.653311	0.117562
2.274800	0.654194	0.118567
2.275000	0.655078	0.121275
2.275200	0.655993	0.124292
2.275700	0.656876	0.127539
2.276100	0.657759	0.130941
2.276500	0.658674	0.134419
2.277100	0.659558	0.137898
2.277300	0.660441	0.141299
2.277700	0.661324	0.142420
2.278100	0.662239	0.144550
2.278500	0.663123	0.142193
2.278900	0.664006	0.139585
2.279300	0.664921	0.137520
2.279700	0.665804	0.137894
2.280100	0.666688	0.140336
2.280500	0.667571	0.144554
2.280900	0.668486	0.149081
2.281300	0.669369	0.151789
2.281700	0.670253	0.152602
2.282100	0.671168	0.153491
2.282500	0.672051	0.156431
2.282900	0.672934	0.159216
2.283600	0.673818	0.161770
2.284000	0.674733	0.162698
2.284400	0.675616	0.163973
2.285000	0.676499	0.165441
2.285400	0.677414	0.168265
2.285800	0.678298	0.168265
2.286200	0.679181	0.168438
2.286800	0.680064	0.168592
2.287200	0.680979	0.169193
2.287800	0.681863	0.172213
2.288200	0.682746	0.175638
2.288600	0.683661	0.179428
2.289200	0.684544	0.182547
2.289800	0.685428	0.184066
2.290200	0.686311	0.186151
2.290800	0.687226	0.186455
2.291200	0.688109	0.189510
2.291900	0.688993	0.190477
2.292500	0.689908	0.192796
2.292900	0.690791	0.192721
2.293500	0.691674	0.194541
2.294100	0.692558	0.196798
2.294500	0.693473	0.200334
2.295100	0.694356	0.203755
2.295700	0.695239	0.206983
2.296300	0.696154	0.207815
2.296900	0.697038	0.210678
2.297500	0.697921	0.212018
2.297900	0.698804	0.214068
2.298700	0.699719	0.215574
2.299400	0.700603	0.217041
2.300000	0.701486	0.217658
2.300600	0.702401	0.218293
2.301200	0.703284	0.218832
2.301800	0.704168	0.221637
2.302400	0.705051	0.223163
2.303000	0.705966	0.226622
2.303600	0.706849	0.226368
2.304200	0.707733	0.229056
2.305000	0.708648	0.230913
2.305600	0.709531	0.236817
2.306200	0.710414	0.239669
2.307000	0.711298	0.242643
2.307700	0.712213	0.243818
2.308300	0.713096	0.245128
2.309100	0.713979	0.247039
2.309700	0.714894	0.248333
2.310500	0.715778	0.250262
2.311100	0.716661	0.251168
2.311900	0.717544	0.252047
2.312500	0.718459	0.251415
2.313300	0.719343	0.251245
2.313900	0.720226	0.252447
2.314700	0.721141	0.254905
2.315400	0.722024	0.257568
2.316200	0.722908	0.259027
2.317000	0.723791	0.261561
2.317600	0.724706	0.262625
2.318400	0.725589	0.266824
2.319000	0.726473	0.267270
2.319800	0.727387	0.269381
2.320600	0.728271	0.269730
2.321400	0.729154	0.271323
2.322200	0.730038	0.271327
2.323000	0.730952	0.272024
2.323700	0.731836	0.275387
2.324500	0.732719	0.278808
2.325300	0.733634	0.281805
2.326100	0.734517	0.282273
2.326900	0.735401	0.283207
2.327500	0.736284	0.283508
2.328500	0.737199	0.283808
2.329300	0.738082	0.284182
2.329900	0.738966	0.285576
2.330900	0.739881	0.288130
2.331800	0.740764	0.291060
2.332600	0.741647	0.292957
2.333400	0.742531	0.293835
2.334200	0.743446	0.294983
2.335000	0.744329	0.294197
2.335800	0.745212	0.296085
2.336600	0.746127	0.295226
2.337400	0.747011	0.294694
2.338400	0.747894	0.294375
2.339300	0.748777	0.297191
2.340100	0.749692	0.300141
2.340900	0.750576	0.301948
2.341700	0.751459	0.302826
2.342500	0.752374	0.304675
2.343500	0.753257	0.305476
2.344300	0.754141	0.303589
2.345100	0.755024	0.300727
2.345900	0.755939	0.299856
2.347000	0.756822	0.302002
2.347800	0.757706	0.305115
2.348600	0.758621	0.304803
2.349400	0.759504	0.303514
2.350400	0.760387	0.301513
2.351200	0.761271	0.302484
2.352000	0.762186	0.302954
2.352800	0.763069	0.302341
2.353600	0.763952	0.299621
2.354600	0.764867	0.299263
2.355500	0.765751	0.300131
2.356300	0.766634	0.300962
2.357100	0.767517	0.298997
2.357900	0.768432	0.298235
2.358900	0.769316	0.297433
2.359700	0.770199	0.297988
2.360500	0.771114	0.295800
2.361300	0.771997	0.291707
2.362100	0.772881	0.287314
2.363000	0.773764	0.286154
2.363800	0.774679	0.286154
2.364600	0.775562	0.284317
2.365400	0.776446	0.279694
2.366200	0.777361	0.278515
2.367000	0.778244	0.277588
2.367800	0.779127	0.278091
2.368600	0.780011	0.274979
2.369200	0.780926	0.272991
2.370000	0.781809	0.270560
2.370900	0.782692	0.270880
2.371700	0.783607	0.268688
2.372300	0.784491	0.263395
2.373100	0.785374	0.257332
2.373900	0.786257	0.254219
2.374700	0.787172	0.254550
2.375300	0.788056	0.254304
2.376100	0.788939	0.250267
2.376700	0.789854	0.245960
2.377500	0.790737	0.242609
2.378100	0.791621	0.242859
2.378800	0.792536	0.241006
2.379200	0.793419	0.238437
2.380000	0.794302	0.235925
2.381000	0.795186	0.236372
2.381600	0.796101	0.235501
2.382200	0.796984	0.236185
2.382800	0.797867	0.234153
2.383400	0.798751	0.233252
2.384200	0.799666	0.228868
2.384800	0.800549	0.226903
2.385400	0.801432	0.220512
2.386000	0.802347	0.215813
2.386700	0.803231	0.212817
2.387300	0.804114	0.211760
2.387900	0.804997	0.209807
2.388500	0.805912	0.204256
2.389100	0.806796	0.197237
2.389500	0.807679	0.192056
2.390100	0.808594	0.187587
2.390700	0.809477	0.186065
2.391300	0.810361	0.182287
2.391700	0.811244	0.179059
2.392300	0.812159	0.177244
2.392700	0.813042	0.175064
2.393100	0.813926	0.171801
2.393700	0.814841	0.168423
2.394100	0.815724	0.163168
2.394500	0.816607	0.158730
2.395200	0.817491	0.152147
2.395600	0.818406	0.149162
2.396000	0.819289	0.143272
2.396400	0.820172	0.139469
2.396800	0.821087	0.132493
2.397200	0.821971	0.127302
2.397400	0.822854	0.120551
2.397800	0.823737	0.115971
2.398200	0.824652	0.111622
2.398400	0.825536	0.110116
2.398800	0.826419	0.107696
2.399000	0.827334	0.106760
2.399400	0.828217	0.103765
2.399600	0.829101	0.101756
2.400000	0.829984	0.100959
2.400200	0.830899	0.099984
2.400600	0.831782	0.100481
2.400800	0.832666	0.100477
2.401200	0.833580	0.098809
2.401400	0.834464	0.097715
2.401600	0.835347	0.095042
2.401800	0.836231	0.095654
2.402200	0.837145	0.094135
2.402400	0.838029	0.093905
2.402700	0.838912	0.091775
2.403100	0.839827	0.091232
2.403300	0.840710	0.089017
2.403500	0.841594	0.087241
2.403700	0.842477	0.084756
2.403900	0.843392	0.082850
2.404300	0.844275	0.080740
2.404500	0.845159	0.079660
2.404700	0.846074	0.078454
2.404900	0.846957	0.078262
2.405100	0.847840	0.078458
2.405300	0.848724	0.079240
2.405500	0.849639	0.079633
2.405700	0.850522	0.076956
2.405900	0.851405	0.075812
2.406300	0.852320	0.074964
2.406500	0.853204	0.076539
2.406700	0.854087	0.077091
2.406900	0.854971	0.078015
2.407100	0.855885	0.078477
2.407300	0.856769	0.077187
2.407500	0.857652	0.076112
2.407700	0.858567	0.074598
2.407900	0.859450	0.074909
2.408100	0.860334	0.076929
2.408500	0.861217	0.080114
2.408500	0.862132	0.083454
2.408900	0.863015	0.083611
2.409100	0.863899	0.083863
2.409300	0.864814	0.084221
2.409500	0.865697	0.085927
2.409700	0.866580	0.086763
2.410100	0.867464	0.085504
2.410300	0.868379	0.084167
2.410600	0.869262	0.084803
2.410800	0.870145	0.083967
2.411000	0.871060	0.085026
2.411200	0.871944	0.084566
2.411400	0.872827	0.087183
2.411800	0.873710	0.087472
2.412000	0.874625	0.086721
2.412200	0.875509	0.085739
2.412400	0.876392	0.084017
2.412600	0.877307	0.084668
2.413000	0.878190	0.086216
2.413200	0.879074	0.089040
2.413400	0.879957	0.090080
2.413800	0.880872	0.088647
2.414000	0.881755	0.088917
2.414200	0.882639	0.089572
2.414400	0.883554	0.091929
2.414600	0.884437	0.091846
2.414800	0.885320	0.089225
2.415200	0.886204	0.088339
2.415600	0.887119	0.085862
2.415800	0.888002	0.086186
2.416000	0.888885	0.087145
2.416200	0.889769	0.089360
2.416400	0.890684	0.091800
2.416800	0.891567	0.092241
2.417000	0.892450	0.093339
2.417200	0.893365	0.091617
2.417400	0.894249	0.091283
2.417600	0.895132	0.093050
2.418000	0.896015	0.097091
2.418200	0.896930	0.099310
2.418700	0.897814	0.097553
2.418900	0.898697	0.095292
2.419100	0.899612	0.093224
2.419500	0.900495	0.093430
2.419700	0.901379	0.093686
2.419900	0.902262	0.093281
2.420100	0.903177	0.090089
2.420500	0.904060	0.088189
2.420700	0.904944	0.086359
2.420900	0.905859	0.087757
2.421100	0.906742	0.088397
2.421300	0.907625	0.089633
2.421700	0.908509	0.090442
2.421900	0.909424	0.091514
2.422300	0.910307	0.092754
2.422500	0.911190	0.092130
2.422700	0.912105	0.092977
2.422900	0.912989	0.093979
2.423300	0.913872	0.094476
2.423500	0.914787	0.093366
2.423700	0.915670	0.091884
2.424100	0.916554	0.092603
2.424300	0.917437	0.093239
2.424500	0.918352	0.095885
2.424900	0.919235	0.098528
2.425100	0.920119	0.099013
2.425300	0.921034	0.097446
2.425700	0.921917	0.097191
2.425900	0.922800	0.098147
2.426100	0.923684	0.098366
2.426600	0.924599	0.097892
2.426800	0.925482	0.095518
2.427000	0.926365	0.093270
2.427400	0.927280	0.091247
2.427600	0.928164	0.090767
2.427800	0.929047	0.089683
2.428000	0.929930	0.088169
2.428400	0.930845	0.086270
2.428600	0.931729	0.082746
2.428800	0.932612	0.080785
2.429000	0.933527	0.078450
2.429200	0.934410	0.079148
2.429400	0.935294	0.079725
2.429800	0.936177	0.082160
2.430000	0.937092	0.084402
2.430200	0.937975	0.083114
2.430400	0.938859	0.083701
2.430600	0.939742	0.084934
2.430800	0.940657	0.088069
2.431000	0.941540	0.089025
2.431400	0.942424	0.089025
2.431600	0.943338	0.087441
2.432000	0.944222	0.086109
2.432200	0.945105	0.085797
2.432400	0.945989	0.087126
2.432600	0.946903	0.088193
2.432800	0.947787	0.086964
2.433200	0.948670	0.085396
2.433400	0.949585	0.083443
2.433600	0.950468	0.084471
2.433800	0.951352	0.083797
2.434000	0.952267	0.085673
2.434200	0.953150	0.086733
2.434500	0.954034	0.089610
2.434900	0.954917	0.090574
2.435100	0.955832	0.088321
2.435300	0.956715	0.088301
2.435500	0.957599	0.088783
2.435900	0.958513	0.089766
2.436100	0.959397	0.089122
2.436300	0.960280	0.088093
2.436500	0.961164	0.086602
2.436900	0.962078	0.085635
2.437100	0.962962	0.085303
2.437300	0.963845	0.087696
2.437500	0.964729	0.089662
2.437700	0.965643	0.089731
2.438100	0.966527	0.091272
2.438300	0.967410	0.091650
2.438500	0.968325	0.094232
2.438900	0.969208	0.092787
2.439100	0.970092	0.095076
2.439300	0.970975	0.096297
2.439700	0.971890	0.100440
2.439900	0.972773	0.100867
2.440300	0.973657	0.102189
2.440500	0.974572	0.103010
2.440700	0.975455	0.105380
2.441100	0.976338	0.105854
2.441300	0.977253	0.106482
2.441700	0.978137	0.107187
2.441900	0.979020	0.107892
2.442400	0.979903	0.108520
2.442600	0.980818	0.107676
2.443000	0.981702	0.110778
2.443200	0.982585	0.112254
2.443600	0.983468	0.113345
2.443800	0.984383	0.113973
2.444200	0.985267	0.114062
2.444400	0.986182	0.115661
2.444800	0.987065	0.114008
2.445200	0.987948	0.115584
2.445400	0.988832	0.117564
2.445800	0.989747	0.121229
2.446200	0.990630	0.122717
2.446600	0.991513	0.123420
2.446800	0.992428	0.123553
2.447200	0.993312	0.124039
2.447600	0.994195	0.124362
2.447800	0.995078	0.124522
2.448200	0.995993	0.124518
2.448600	0.996877	0.124350
2.449000	0.997760	0.124019
2.449400	0.998643	0.123525
2.449600	0.999558	0.061680
2.450000	1.000000	