10oC	
Cell1
Cycles	Peak position	Peak height	Peak width
0	2.34498007158113	0.273530752737680	0.120035424729497
20	2.34749982081164	0.302845582871847	0.123070302078452
40	2.35040890585898	0.282296539596507	0.138587899227200
60	2.35290224872123	0.289802288065777	0.140453546415874
80	2.35370214754603	0.295884993215631	0.140414325701218
100	2.35403562165874	0.294957973900103	0.143304131693925
120	2.35989429778016	0.274319251605332	0.153722079436232
140	2.36225408867283	0.306622020794538	0.140473164150425
160	2.38906177977817	0.404150585103617	0.160906926682496

Cell2
Cycles	Peak position	Peak height	Peak width
0	2.34669264735381	0.291998713838802	0.117646722809460
20	2.34798037672931	0.304668222979964	0.119851593437296
40	2.35038403888455	0.299126675316574	0.131588794055390
60	2.35198285567658	0.305160784656244	0.135726990848502
80	2.35314859624820	0.304521821859062	0.137951308231104
100	2.35439504248683	0.304164238072562	0.136572069815702
120	2.36138948932982	0.286307276130191	0.144939664614948
140	2.36576160838797	0.294634856493688	0.150485739112257
160	2.38332041602507	0.416961829422851	0.160483010476129

20oC	
Cell1
Cycles	Peak position	Peak height	Peak width
0	2.34256887129052	0.294749865846117	0.113615635966556
20	2.34554963465092	0.367325878128773	0.117543631168125
40	2.33973963967705	0.341826134401980	0.122267348148820
60	2.34325087333596	0.379413338304775	0.120275235041120
80	2.34276859585477	0.379035117812044	0.119961533200408
100	2.34304471622668	0.385776197197320	0.120175985101606
120	2.34686363518613	0.404137874459029	0.123999346690766
140	2.34441165093843	0.391721617730521	0.123420929586420
160	2.34607561643776	0.379712552640523	0.128057852404031
180	2.35021376404398	0.370922134538213	0.132506457630647
200	2.35658631258287	0.365797915667283	0.142986756244085
220	2.36371044618356	0.395399208076755	0.142817487943103
240	2.36961384282394	0.395586509135775	0.146028616545122

Cell2
Cycles	Peak position	Peak height	Peak width
0	2.34088749026744	0.307274992912497	0.108164752124236
20	2.34255176255458	0.352972376911660	0.113510085769986
40	2.34021720130321	0.359242768568979	0.118777335803219
60	2.34485927523239	0.361470064397022	0.121296731360215
80	2.34358367696969	0.365293162516932	0.120836000740134
100	2.34387629269202	0.376269654547203	0.120938165912186
120	2.34256305268411	0.374035081066901	0.121825973362858
140	2.34521889918452	0.380157686923175	0.125494441107133
160	2.34839024010493	0.362528403953023	0.133761185339571
180	2.35478905338017	0.358472680273813	0.143810099153399
200	2.36255916356529	0.417368274097502	0.151953947945026

30oC	
Cell1
Cycles	Peak position	Peak height	Peak width
0	2.34654938262848	0.267337396193772	0.123468037251197
20	2.33875598924909	0.356770419099326	0.116929380796287
40	2.33649333980556	0.368477838806748	0.122281059275483
60	2.33545544688940	0.379693706850486	0.125366079182506
80	2.33513300873191	0.377217703224349	0.130870043226378
100	2.33295438810098	0.374008985279149	0.131796852175491
120	2.33214953774234	0.386422766119859	0.130367945087830
140	2.33040295970550	0.408490358789335	0.128765030218894
160	2.33062113031846	0.407661798668623	0.128894835289312
180	2.33149240143268	0.414236688850848	0.127853628976170
200	2.33048663057895	0.430523813238138	0.127983767434044
220	2.32952448996061	0.396567632994431	0.133656791367858
240	2.32493161574526	0.389237839890842	0.131230567617698
260	2.33550360455319	0.375368835072702	0.137200207295696
280	2.33849598674072	0.368812937694348	0.136068676340908
300	2.34106260734206	0.375920302882670	0.131137611182460
320	2.34279970157192	0.381395894247199	0.130374223073885
340	2.34416447958407	0.383680755165394	0.131319189202222
360	2.34675202807694	0.376836630504251	0.135310965172719
380	2.35204189245684	0.376073225783679	0.138853206041449
400	2.35933603624511	0.457599917578417	0.135611733756562

Cell2
Cycles	Peak position	Peak height	Peak width
0	2.34569909369133	0.297053333380520	0.114830001603416
20	2.33702506394522	0.368327642430230	0.115621272093665
40	2.33860381250906	0.395376023761248	0.116762190932956
60	2.33842233381602	0.399099535828956	0.120049080794541
80	2.33704903915234	0.399686464800494	0.121347815455739
100	2.33556449316346	0.406372039111922	0.120875773190663
120	2.33598958300598	0.417963770271015	0.117205743317187
140	2.33574088649301	0.436785161722169	0.116095224477170
160	2.33493085707867	0.452113584720096	0.116281783092641
180	2.33338552761894	0.469348465047397	0.118961646635066
200	2.33252837397879	0.460563713021003	0.124168214515817
220	2.33204721292231	0.443810034869477	0.128449627424408
240	2.33074586354839	0.437008238627337	0.135170121993464
260	2.33294212561922	0.419100808867507	0.140212648035270
280	2.33303471924276	0.406616539543600	0.147887629055570
300	2.33540690490404	0.396528688147254	0.150481569788497
320	2.33924678589188	0.391370110431715	0.150773435595455
340	2.34290359083524	0.392321576357318	0.153319617526580
360	2.34735737913678	0.385043462959780	0.155896103058359
380	2.36642253675979	0.456634549790398	0.173305977969881

40oC	
Cell1
Cycles	Peak position	Peak height	Peak width
0	2.34865068255840	0.276741857796700	0.135105414246044
20	2.33778366780279	0.394538545242807	0.112547835089873
40	2.33247019891148	0.428377899795948	0.118167523402075
60	2.33043619223986	0.456887182140951	0.124990450920001
80	2.32601491558470	0.437046708507554	0.131612791322453
100	2.32662319613539	0.401275958488344	0.139336666994109

Cell2
Cycles	Peak position	Peak height	Peak width
0	2.34805660611803	0.290311472072704	0.129021620648940
20	2.34203549769820	0.383162508994059	0.112144584358873
40	2.33888038416968	0.425352324856307	0.112528127676245
60	2.33703883778195	0.461485001986947	0.117499365120718
80	2.33232099922917	0.464554094530423	0.122943248652687
100	2.33140843208611	0.413007315501895	0.135510062081923
120	2.33769704409110	0.419461193102061	0.124055856215315

50oC	
Cell1
Cycles	Peak position	Peak height	Peak width
0	2.34190614627846	0.268779286135498	0.113687869857349
20	2.34323407613217	0.308441959558316	0.110597765253542
40	2.33986225832223	0.347398427340321	0.104755102235895
60	2.33851334768009	0.424417869470137	0.106453894312898
80	2.33529927125374	0.438864460164768	0.109089397668538
100	2.33611148395993	0.445013447258630	0.112259238430955
120	2.33652474279553	0.430650108533095	0.113645414525277
140	2.33939744851069	0.412710423549389	0.119323434443094
160	2.34036709698663	0.415567280858900	0.120180580423897
180	2.34193068408540	0.421853558176630	0.122324690107462
200	2.35164770991871	0.427100019510297	0.130835477692398
220	2.36980868721764	0.414998048464916	0.149678619140097

Cell2
Cycles	Peak position	Peak height	Peak width
0	2.34290568434996	0.307559160524236	0.111998177066807
20	2.33770029382689	0.402500514467250	0.102886656555967
40	2.33183322515910	0.444563919548491	0.102839499404271
60	2.33233493942232	0.509848745735003	0.105510210397729
80	2.33113119259770	0.514828549903273	0.107246464953163
100	2.33368679859110	0.548746481636308	0.109921450139382
120	2.33379997085244	0.593508305440105	0.112584407923275
140	2.33331740554274	0.635446347274148	0.116798610062606
160	2.33618037063947	0.688015898055526	0.118623125420946
180	2.33746853981075	0.726513103180056	0.122482412581877
200	2.34695752189287	0.730204509395290	0.126996492870042
220	2.38341548206331	0.681415237774276	0.195130055351424

0.1C/0.2C
Cell1
Cycles	Peak position	Peak height	Peak width
0	2.34654938262848	0.267337396193772	0.123468037251197
20	2.33875598924909	0.356770419099326	0.116929380796287
40	2.33649333980556	0.368477838806748	0.122281059275483
60	2.33545544688940	0.379693706850486	0.125366079182506
80	2.33513300873191	0.377217703224349	0.130870043226378
100	2.33295438810098	0.374008985279149	0.131796852175491
120	2.33214953774234	0.386422766119859	0.130367945087830
140	2.33040295970550	0.408490358789335	0.128765030218894
160	2.33062113031846	0.407661798668623	0.128894835289312
180	2.33149240143268	0.414236688850848	0.127853628976170
200	2.33048663057895	0.430523813238138	0.127983767434044
220	2.32952448996061	0.396567632994431	0.133656791367858
240	2.32493161574526	0.389237839890842	0.131230567617698
260	2.33550360455319	0.375368835072702	0.137200207295696
280	2.33849598674072	0.368812937694348	0.136068676340908
300	2.34106260734206	0.375920302882670	0.131137611182460
320	2.34279970157192	0.381395894247199	0.130374223073885
340	2.34416447958407	0.383680755165394	0.131319189202222
360	2.34675202807694	0.376836630504251	0.135310965172719
380	2.35204189245684	0.376073225783679	0.138853206041449
400	2.35933603624511	0.457599917578417	0.135611733756562

Cell2
Cycles	Peak position	Peak height	Peak width
0	2.34569909369133	0.297053333380520	0.114830001603416
20	2.33702506394522	0.368327642430230	0.115621272093665
40	2.33860381250906	0.395376023761248	0.116762190932956
60	2.33842233381602	0.399099535828956	0.120049080794541
80	2.33704903915234	0.399686464800494	0.121347815455739
100	2.33556449316346	0.406372039111922	0.120875773190663
120	2.33598958300598	0.417963770271015	0.117205743317187
140	2.33574088649301	0.436785161722169	0.116095224477170
160	2.33493085707867	0.452113584720096	0.116281783092641
180	2.33338552761894	0.469348465047397	0.118961646635066
200	2.33252837397879	0.460563713021003	0.124168214515817
220	2.33204721292231	0.443810034869477	0.128449627424408
240	2.33074586354839	0.437008238627337	0.135170121993464
260	2.33294212561922	0.419100808867507	0.140212648035270
280	2.33303471924276	0.406616539543600	0.147887629055570
300	2.33540690490404	0.396528688147254	0.150481569788497
320	2.33924678589188	0.391370110431715	0.150773435595455
340	2.34290359083524	0.392321576357318	0.153319617526580
360	2.34735737913678	0.385043462959780	0.155896103058359
380	2.36642253675979	0.456634549790398	0.173305977969881

0.1C/0.5C
Cell1
Cycles	Peak position	Peak height	Peak width
0	2.34418366317828	0.286044692639634	0.118301962315942
20	2.33977747211340	0.348227783832201	0.115411582090735
40	2.33686640687195	0.358030503697810	0.122120239447815
60	2.33317224353012	0.365613986600285	0.128416606194974
80	2.33053437485613	0.354200088944001	0.130515926258809

Cell2
Cycles	Peak position	Peak height	Peak width
0	2.34533965762347	0.287654227703244	0.119768256059695
20	2.34336954628857	0.351687736128306	0.120047347354075
40	2.34036124075164	0.381424277859013	0.120001838146064
60	2.33826369665959	0.403575887453709	0.121095415306128
80	2.34290734059797	0.420812951421191	0.123321909777443
100	2.34295216311791	0.402949502034540	0.131390864719192
120	2.34661959252612	0.386407629302152	0.146383142347650
140	2.35417085615903	0.400217587561784	0.149085002862085
160	2.35796058115651	0.425509158819095	0.142223435887147

0.1C/1C
Cell1
Cycles	Peak position	Peak height	Peak width
0	2.34271599570530	0.268141723711140	0.115854153670000
20	2.33878420930408	0.344578092794403	0.108131384794242
40	2.33941624450817	0.355799566139924	0.114633198759200
60	2.33921974049784	0.362746227110472	0.118550877392004
80	2.33967693853072	0.360983604831784	0.122257533357835
100	2.34223606389347	0.364722107999122	0.124610166583764
120	2.34523396781181	0.364326233932333	0.127854855743575

Cell2
Cycles	Peak position	Peak height	Peak width
0	2.34289416714044	0.294547214158945	0.110685958690618
20	2.34159790332185	0.369558335767813	0.108538849923941
40	2.34169532909581	0.391059593895612	0.111684249687742
60	2.34243322352962	0.402024332307119	0.113779786977283
80	2.34307713301519	0.391186521572644	0.119879815860859
100	2.34647600083399	0.392540529929570	0.123789300905304
120	2.34923225374280	0.385314859253823	0.128401834030859

0.2C/0.2C
Cell1
Cycles	Peak position	Peak height	Peak width
0	2.34669374080111	0.285494309887626	0.120930252113146
20	2.34010098708501	0.319077934328550	0.120526265756808
40	2.34446358622326	0.352336012924135	0.118792792667400
60	2.36262085737664	0.310782101050257	0.138206788341971

Cell2
Cycles	Peak position	Peak height	Peak width
0	2.34828287234643	0.285124077531361	0.121995713673221
20	2.33888742360034	0.321162766702953	0.121183235660936
40	2.34859256199401	0.330276689240696	0.125895202322511
60	2.39284857663318	0.519374650540100	0.150201864242066

0.3C/0.2C
Cell1
Cycles	Peak position	Peak height	Peak width
0	2.34545914998782	0.278577545770751	0.122906439603699
20	2.34862932711226	0.325207366828774	0.128785119225010
30	2.36464660285346	0.316830508462132	0.140556438500047

Cell2
Cycles	Peak position	Peak height	Peak width
0	2.34895215658250	0.299586780162867	0.116692822788565
20	2.36000849238320	0.328335642472364	0.130446694443560
30	2.42246100666015	0.400566838661012	0.185079618064704